0 0.6848903063460814 0.42414320278199147 0.6784194614699712 0.3995811248628677 0.5802452564688475 0.4254449810679274 0.5867161013449576 0.45000705898705123
0 0.715784942922242 0.47926344620312433 0.5263172280054468 0.42388308788171525 0.5194979100832049 0.44721339167859114 0.708965625 0.5025937500000002
0 0.522931341667844 0.4505714461148906 0.5133964911567661 0.42877746370481196 0.315177262277064 0.5154982236020528 0.32471211278814205 0.5372922060121315
0 0.7255804468677145 0.5404431844393941 0.6562144123829066 0.41750742295748394 0.4004888332666162 0.5617996055234029 0.4698548677514241 0.6847353670053131
0 0.4591022179079881 0.633432509414723 0.25402287739035084 0.4706231192987427 0.22070511839349022 0.5125911165852278 0.4257844589111276 0.6754005067012081
0 0.759765001505297 0.6187970770169435 0.7103561761552913 0.5172333339331882 0.4457460730761131 0.6459611059896442 0.4951548984261187 0.7475248490733997
0 0.4642690666419619 0.676311448034851 0.4533330714194285 0.633885531385688 0.4177469441912237 0.6430584555813941 0.42868293941375696 0.685484372230557
0 0.4366609375 0.74444375 0.2277078125 0.6724999999999999 0.2125839885057567 0.716425570818134 0.42153711350575673 0.7883693208181339
0 0.28008103112282245 0.8237055648510709 0.24603635454858647 0.7276614733807665 0.23638669905081974 0.731081979477967 0.2704313756250557 0.8271260709482716
0 0.3807325664705714 0.8074984849618371 0.34161093750000016 0.7975609375000001 0.33860255667941824 0.8094041773654661 0.3777241856499895 0.819341724827303
0 0.35606127243115376 0.8260725917261592 0.32529062500000017 0.8185593750000002 0.32235476989744327 0.8305832744244903 0.35312541732859687 0.8380964911506492
0 0.3948484214088458 0.9277927117295508 0.31942343750000013 0.9124390625000001 0.31652408958346284 0.9266821435214208 0.39194907349230845 0.9420357927509716