0 1.021281239719773 0.26315386442354416 0.9903069515359284 0.046979734511737314 0.8287665208451107 0.07012588921397253 0.8597408090289556 0.2863000191257794
0 0.8781543859137058 0.1650534521245782 0.8453953125 0.15335625000000008 0.8161872059630946 0.23515619635702995 0.8489462793768003 0.246853398481608
0 0.8431267450136064 0.27944981113149414 0.81310625 0.2618640625000001 0.7784904424863937 0.3209564388685061 0.8085109375 0.33854218750000015
0 1.0094264416009204 0.49887637763700265 0.976404901059676 0.4838534359756131 0.9078362719587558 0.6345723708386105 0.9408578125000002 0.6495953125000001
0 0.8556525362877847 0.6523735456041634 0.8540734374999998 0.6307875000000002 0.5924453558783321 0.6499265583581293 0.5940244546661173 0.6715126039622925
0 0.9270363901575411 0.7119079191151865 0.9222448292548743 0.6296687947396667 0.6772236558700089 0.6439446504668701 0.6820152167726756 0.7261837748423898
0 0.8443714729558038 0.7711775584561485 0.8362440796780914 0.7297660705971485 0.47888013769854654 0.799902099267032 0.487007530976259 0.8413135871260321
0 0.39519843750000005 0.8058453125 0.16738750000000008 0.7479750000000001 0.15992398256714763 0.777355710591907 0.38773492006714755 0.835226023091907
0 0.47620184299871526 0.6749195417136573 0.439103487990599 0.6694550052755831 0.40494843750000015 0.9013312500000001 0.4420467925081164 0.9067957864380742
0 0.40515596545881627 0.8350485564105912 0.1939405479203612 0.7796795696400408 0.18622673216491678 0.8091053711695622 0.3974421497033719 0.8644743579401124
0 0.704185630318369 0.08816313579249821 0.5882937499999998 0.07378437500000005 0.5814281877421368 0.12912036194553084 0.6973200680605058 0.14349912273802895