0 0.7594038951959299 0.3384639918217315 0.7535365982213686 0.3110412486178323 0.5568045780254388 0.35313350679610084 0.5626718749999999 0.38055625000000004
0 0.8799546990752887 0.5275079185149354 0.8679197711798275 0.2807873824314703 0.5630107112459761 0.2956607229698328 0.5750456391414371 0.5423812590532979
0 0.9250859374999999 0.39722187500000017 0.8792311301804963 0.38267635154972635 0.8605187500000001 0.44166718750000006 0.9063735573195038 0.4562127109502739
0 0.8750886851639038 0.4797823911338395 0.8719734375000001 0.4527781249999999 0.8532378773360962 0.4549394838661603 0.856353125 0.48194374999999984
0 0.8188609374999999 0.45416718750000007 0.8114846607472371 0.42561593451398744 0.6125737232472371 0.47700499701398746 0.61995 0.50555625
0 0.668527807139931 0.527516661758939 0.6535041413524881 0.521508594295525 0.6471328125000002 0.5374406250000001 0.6621564782874431 0.5434486924634141
0 0.4766520562179288 0.5408958204431722 0.47100790639559376 0.5169164230246098 0.4208984374999999 0.5287109374999999 0.4265425873223349 0.5526903349185622
0 0.7401296634347087 0.5273843143571513 0.7320118983640127 0.4970558915884876 0.42958379742930397 0.5780043897313363 0.4377015624999999 0.6083328125
0 0.43674621628834237 0.6080447046955391 0.4162283107762733 0.5204640250172724 0.33181862681352214 0.5402390476160193 0.3523365323255912 0.6278197272942859
0 0.4403296874999999 0.610453125 0.4246692904296491 0.5614462264984444 0.15196189131393875 0.648591226177196 0.16762228838428958 0.6975981246787516
0 0.22548450526915573 0.7635627573267758 0.09093100724557672 0.5460186604713517 0.06434037359341849 0.5624652697992029 0.1988938716169975 0.7800093666546271
0 0.0954802710711939 0.7034113830936555 0.006070312500000075 0.6774109375 -0.0005302710711937442 0.7001089294063445 0.08887968750000008 0.726109375