0 0.9197066393218736 0.2289583302996217 0.7569365710563906 0.21864360882605122 0.7470701799947859 0.37433885961360935 0.9098402482602687 0.3846535810871798
0 0.7629359375000001 0.37760468750000004 0.7566579955734083 0.33693299136856886 0.28801893307340826 0.4092704913685689 0.294296875 0.44994218750000015
0 0.7751359525299125 0.41484701050928086 0.7685831556387764 0.37514622756479643 0.31052532810886396 0.4507507795555156 0.317078125 0.4904515625000001
0 0.8805124463792307 0.485362330116965 0.8767269793233339 0.4229205195928897 0.791753817877588 0.4280719253671384 0.7955392849334848 0.4905137358912137
0 0.8438437519783566 0.4314798349564189 0.7824625000000001 0.3964125000000001 0.6209038994887852 0.6792018588028241 0.682285151467142 0.7142691937592429
0 0.2541593750000001 0.5772562500000001 0.25141290006917966 0.5422498169657232 0.004234680975913013 0.5616425034905046 0.006981155906733405 0.5966489365247816
0 0.842758063738227 0.5880132440844699 0.8348818176869504 0.5506097589890133 0.7485518789487232 0.5687887024045435 0.756428125 0.6061921875
0 0.6967831441585226 0.6548078760373633 0.69523952338087 0.5525381357505847 0.36512666032483615 0.5575207344445359 0.36667028110248856 0.6597904747313146
0 0.3530240697214052 0.6334757611406319 0.34195005277629315 0.5902978057581985 -0.002351214539609914 0.6786020812781801 0.008722802405502184 0.7217800366606136
0 0.7407664827112146 0.7047570708032966 0.722669102785624 0.6564791424192558 0.6651261291906563 0.6780496010129307 0.6832235091162469 0.7263275293969716
0 0.38750227316704444 0.6735407163919491 0.35992559224785986 0.6413811577342152 0.255863528039054 0.7306139227425685 0.28344020895823857 0.7627734814003025
0 0.28798198509106543 0.7715473227170848 0.2860164682033005 0.741951010919514 0.005640741531601434 0.7605710075414519 0.007606258419366385 0.7901673193390228
0 0.7307550780366396 0.784506770860381 0.7255807345279539 0.7586331900315694 0.6839944064913143 0.7669498566711882 0.68916875 0.7928234374999998