0 0.3707298018292683 0.23054115853658536 0.3701171875 0.21093749999999994 0.29283060213414636 0.21335270579268287 0.2934432164634146 0.23295636432926825
0 0.2865234375 0.23515625 0.2796875 0.221484375 0.21796875 0.25234375 0.2248046875 0.266015625
0 0.31440111871301774 0.2688204974112426 0.24901303624260357 0.26431097448224855 0.24735345784023668 0.28837486131656803 0.3127415403106509 0.29288438424556207
0 0.22603224614971346 0.32388157011103147 0.1953125 0.26953125 0.14343996239255014 0.2988505103868195 0.1741597085422636 0.353200830497851
0 0.6757249999999999 0.2762281250000001 0.5770754673301861 0.19836653145424893 0.41527572642547195 0.4033645041321153 0.5139252590952859 0.48122609767786645
0 0.3476562500000001 0.3828125 0.22753906250000008 0.3828125 0.22753906250000008 0.4755859375 0.3476562500000001 0.4755859375
0 0.3369140625 0.5068359375 0.31084855195063693 0.4991696108678344 0.3072564191878981 0.5113828622611465 0.33332192973726116 0.5190491888933122
0 0.443359375 0.5009765625 0.4228515625 0.5009765625 0.4228515625 0.515625 0.443359375 0.515625
0 0.54392578125 0.5115820312499999 0.54244140625 0.5011914062499999 0.51783203125 0.5047070312499999 0.51931640625 0.5150976562499999
0 0.23535156250000008 0.501953125 0.20800781250000008 0.501953125 0.20800781250000008 0.515625 0.23535156250000008 0.515625
0 0.6476701092312747 0.613912614980289 0.3069986551412615 0.6051774494908015 0.306075989651774 0.6411614035808146 0.646747443741787 0.6498965690703022